1 WT21-B37-76 0.0026944724781760186 5 2568
2 WT21-B37-75 0.0015331780212090773 1 1704
3 WT25-B39-116 0.0014685052052812965 1 169
4 WT23-B21-53 0.0013735293888656485 1 198
5 WT24-B26-10 0.0012761858507597396 1 291
6 WT24-B40-171 0.001245276257643648 209 270
7 WT23-B39-340 0.001242887804886063 395 274
8 WT23-B37-134 0.0012054244819005855 2 207
9 WT08-B18-400 0.0011447768269601162 0 990
10 WT13-B06-284 0.0011365543382272263 2 454
11 WT13-B06-273 0.0010549212100999098 11 452
12 WT01-B18-225 0.0009553815601062356 0 1137
13 WT04-B27-720 0.0009409600537103033 27 291
14 WT24-B26-46 0.0008622347483854937 3 179
15 WT23-B19-156 0.0008250691219622028 12 364
16 WT04-B30-12 0.0008166223149664384 8 241
17 WT25-B15-307 0.0007972232462113006 8 605
18 WT07-B18-256 0.000775020495470009 169 169
19 WT24-B40-167 0.0007076173992576066 152 153
20 WT14-B03-220 0.0006988730575093197 162 163
21 WT18-B31-240 0.0006942227512288126 31 259
22 WT14-B03-227 0.0006853000070830769 147 148
23 WT04-B40-202 0.0006846780486337995 36 322
24 WT08-B19-222 0.0006495323315842679 1 1041
25 WT23-B20-363 0.0006396330760183198 193 181
26 WT27-B28-203 0.0006270792708237121 2 589
27 WT13-B39-295 0.0006215364484238002 19 443
28 WT13-B15-160 0.000619858363288391 0 484
29 WT12-B30-56 0.0006024566810140584 7 174
30 WT10-B02-288 0.0005844499044381467 18 193
31 WT14-B36-337 0.0005617086801747588 5 417
32 WT21-B40-37 0.0005471875226793218 0 201
33 WT21-B35-155 0.0005456981046151348 7 174
34 WT23-B01-40 0.0005408499350510918 39 147
35 WT08-B08-60 0.0005361202452782381 39 175
36 WT22-B38-403 0.0005335776669280421 27 273
37 WT13-B39-321 0.0005328924098170727 19 52
38 WT04-B22-268 0.0005328577609591814 109 113
39 WT14-B02-400 0.000532791184475236 114 115
40 WT18-B14-66 0.000529557161858263 135 150
41 WT06-B14-69 0.0005191633316159557 1 57
42 WT23-B38-120 0.0005186836520795805 395 116
43 WT06-B35-151 0.0005169273401149343 11 255
44 WT10-B33-300 0.0005167738017093289 0 406
45 WT14-B36-336 0.000515863205533429 5 368
46 WT14-B36-335 0.000515863205533429 6 368
47 WT14-B36-334 0.000515863205533429 6 368
48 WT14-B36-323 0.000515863205533429 13 368
49 WT06-B35-161 0.0005150213795546307 11 253
50 WT27-B20-494 0.0005144781639245662 15 121
51 WT23-B38-87 0.0005138120175118324 1 1
52 WT27-B34-57 0.0005064135626879414 623 630
53 WT27-B32-30 0.0005006798303857337 0 628
54 WT04-B40-238 0.0004983040732223651 21 311
55 WT23-B27-31 0.0004944027537938943 42 194
56 WT07-B15-48 0.000489374057847501 12 235
57 WT21-B40-442 0.00048620087436852225 0 4
58 WT11-B02-164 0.0004831912920638891 20 183
59 WT21-B37-70 0.00047627583559174414 25 3
60 WT21-B37-72 0.0004756082714403123 2 2
61 WT22-B14-357 0.0004746041333692257 7 280
62 WT04-B34-218 0.00046287676476932803 24 141
63 WT14-B03-221 0.00046234604303188023 104 105
64 WT12-B09-105 0.0004504807151624068 500 234
65 WT15-B07-95 0.00044012924801004017 18 205
66 WT21-B03-285 0.0004220365796692636 15 189
67 WT18-B28-345 0.00042135599320406803 30 250
68 WT27-B28-177 0.0004195033546876865 20 461
69 WT11-B19-232 0.0004164494981382194 9 161
70 WT11-B19-250 0.00041560479097512803 2 160
71 WT20-B39-148 0.00041343364544497784 8 168
72 WT25-B31-102 0.00040893434477058124 90 90
73 WT23-B23-51 0.0004028364302327342 136 400
74 WT21-B01-46 0.00039403452917985003 6 154
75 WT14-B14-78 0.00039195351686297734 1 64
76 WT06-B09-17 0.00038944035884315626 94 101
77 WT23-B27-29 0.00038549039114841227 0 388
78 WT06-B14-163 0.0003749878161741091 1 44
79 WT10-B30-205 0.0003727571870461515 10 157
80 WT12-B37-314 0.0003724024044830432 1 45
81 WT13-B02-184 0.00037119476600946304 20 159
82 WT13-B16-437 0.0003701766038808563 12 291
83 WT08-B24-319 0.00036910444638318045 1 287
84 WT12-B34-116 0.0003688761553225168 4 178
85 WT24-B26-2 0.0003680175539727801 2 320
86 WT25-B17-38 0.0003641570330792098 43 161
87 WT20-B03-150 0.00036290691087295136 33 145
88 WT14-B04-105 0.00035979679163696557 78 79
89 WT07-B23-234 0.0003568183102659219 21 234
90 WT14-B14-85 0.0003549169946048223 1 4
91 WT22-B14-364 0.0003516420177564717 13 189
92 WT16-B01-282 0.00034868543507688224 12 58
93 WT18-B14-71 0.00034787304183716834 89 100
94 WT13-B16-450 0.00034617956159570154 11 291
95 WT25-B23-127 0.0003460125115559199 328 169
96 WT09-B39-178 0.0003456349871768103 7 77
97 WT12-B17-278 0.0003450696610178362 23 78
98 WT13-B30-412 0.0003447686005638895 74 75
99 WT21-B40-447 0.0003426363811792865 15 779
100 WT23-B30-88 0.0003392177972997269 10 477
101 WT04-B29-48 0.00033781704781490126 68 68
102 WT13-B30-408 0.00033621380133088216 51 114
103 WT18-B31-187 0.00033410082339121756 19 159
104 WT08-B24-317 0.0003317683351874096 1 2
105 WT07-B14-24 0.00032936487772820296 70 70
106 WT11-B13-4 0.0003272022002517866 1 40
107 WT12-B40-248 0.00032716573130063683 3 357
108 WT24-B33-59 0.0003258912695609574 56 53
109 WT13-B25-82 0.0003240776342974709 137 146
110 WT18-B14-62 0.00032317794562554045 57 76
111 WT06-B39-355 0.0003224301842620267 7 178
112 WT13-B16-460 0.00032014104555746565 10 199
113 WT18-B14-68 0.0003185271278238037 74 81
114 WT26-B25-680 0.00031751057981119375 2 81
115 WT15-B01-16 0.0003174435382582269 1 37
116 WT25-B31-56 0.0003173203335076082 73 72
117 WT26-B22-336 0.00031722940504788654 9 164
118 WT23-B18-180 0.0003171111771075242 44 74
119 WT26-B25-679 0.0003158323465647587 2 80
120 WT04-B33-221 0.0003155648384023023 17 81
121 WT04-B38-204 0.0003153162121583183 11 281
122 WT25-B19-180 0.00031394056960007974 8 8
123 WT17-B29-70 0.00031149991723072347 5 175
124 WT17-B29-69 0.00031149991723072347 5 175
125 WT17-B29-66 0.00031149991723072347 5 175
126 WT27-B19-302 0.00031132350934199503 9 213
127 WT17-B29-67 0.0003110704037661088 7 172
128 WT17-B29-68 0.0003105140722488138 5 172
129 WT09-B28-263 0.0003097964466150599 0 258
130 WT24-B11-329 0.0003094022269863018 52 53
131 WT07-B14-20 0.0003015990283443405 64 64
132 WT05-B09-121 0.0003011874457484338 1 34
133 WT01-B11-115 0.000301158026855651 10 73
134 WT08-B02-134 0.0003009457112515794 75 74
135 WT04-B30-256 0.0002968223060476271 9 301
136 WT18-B18-148 0.000294881078992619 11 165
137 WT13-B30-405 0.0002940264412299722 20 186
138 WT07-B14-25 0.00029234374521638765 62 62
139 WT18-B40-82 0.000291089763830855 0 576
140 WT12-B40-235 0.0002906771070470045 12 355
141 WT13-B16-451 0.00029059462469773243 3 291
142 WT02-B03-141 0.00028634059071258133 53 54
143 WT08-B24-320 0.0002847907871909808 0 2
144 WT10-B14-65 0.0002838505135972333 2 87
145 WT27-B25-363 0.00028273477500051096 1 37
146 WT15-B34-52 0.00028250791601581836 14 264
147 WT27-B28-200 0.0002823038008721703 1 4
148 WT04-B38-159 0.0002813415153160137 36 254
149 WT18-B38-25 0.0002805159744673177 1 155
150 WT24-B26-381 0.0002790300021067162 10 4
151 WT15-B34-57 0.00027747976852890156 6 264
152 WT19-B34-131 0.00027682318306229627 2 134
153 WT12-B33-212 0.00027534063949522495 0 209
154 WT15-B34-56 0.0002740371054997226 4 264
155 WT01-B01-33 0.00027397441922252065 11 122
156 WT25-B29-410 0.00027351116030757265 2 113
157 WT27-B28-171 0.00027336680770205437 26 3
158 WT24-B02-93 0.00027210074537302117 77 76
159 WT23-B27-41 0.00027196084360997215 1 193
160 WT15-B34-58 0.0002711441478388432 4 263
161 WT13-B34-124 0.0002685870275140607 4 93
162 WT16-B27-21 0.0002678100415622942 56 58
163 WT07-B11-415 0.0002661367918257361 55 55
164 WT02-B16-122 0.00026585350117428206 3 107
165 WT02-B16-121 0.00026585350117428206 2 107
166 WT24-B26-382 0.0002655472060063094 5 3
167 WT10-B39-186 0.0002651906503867399 9 97
168 WT02-B29-125 0.0002616053550344482 3 184
169 WT02-B29-124 0.0002616053550344482 5 184
170 WT02-B29-123 0.0002616053550344482 10 184
171 WT12-B17-36 0.00026089874385106844 0 213
172 WT02-B28-21 0.00026000825219141906 3 183
173 WT02-B28-20 0.00026000825219141906 5 183
174 WT02-B28-19 0.00026000825219141906 10 183
175 WT13-B14-26 0.00025968900586652494 10 137
176 WT13-B25-53 0.0002586046808760908 19 69
177 WT27-B27-452 0.00025846309522852234 18 142
178 WT17-B22-102 0.0002579127429453779 1 19
179 WT27-B04-182 0.0002570334065691531 17 152
180 WT11-B06-41 0.0002559537164881959 1 95
181 WT07-B17-219 0.0002521544365462076 4 79
182 WT04-B38-150 0.00025186199223551037 6 229
183 WT18-B39-107 0.0002484174755581267 6 124
184 WT18-B24-215 0.00024716544329925005 9 77
185 WT14-B20-107 0.0002468140722006756 4 94
186 WT13-B16-438 0.00024626985858529186 10 198
187 WT27-B04-181 0.00024388943680708335 3 208
188 WT13-B16-461 0.00024375650321827895 2 199
189 WT07-B40-402 0.0002433092375044306 1 52
190 WT12-B24-131 0.00024296099726439508 16 84
191 WT24-B12-246 0.0002427967238809796 51 54
192 WT24-B28-186 0.00024241709001230363 34 154
193 WT24-B13-88 0.00024163232830785194 51 52
194 WT27-B29-141 0.00024146512432620827 0 1
195 WT20-B02-231 0.00024050068076465539 11 107
196 WT18-B38-24 0.0002399455106266331 13 1
197 WT19-B34-114 0.00023615096056372805 14 78
198 WT07-B22-386 0.00023484316771651143 8 114
199 WT12-B12-11 0.00023394716831745058 80 73
200 WT12-B40-254 0.00023265038246024795 17 334
201 WT07-B14-21 0.00023218440488468624 49 49
202 WT07-B02-55 0.00023206998220414989 5 266
203 WT06-B14-159 0.0002320552458145831 1 27
204 WT02-B15-103 0.00023160995533370917 45 110
205 WT22-B07-427 0.00023150681558840663 140 108
206 WT14-B02-106 0.00023122884299996962 10 89
207 WT04-B35-13 0.00023116590203042323 1 130
208 WT27-B25-361 0.00023074543593519888 214 118
209 WT22-B07-425 0.00023055643311743738 2 144
210 WT08-B09-307 0.00023028456662707087 6 240
211 WT14-B12-412 0.00022795256316074554 1 10
212 WT24-B18-75 0.00022724960779882316 7 91
213 WT05-B15-106 0.00022461720615128773 37 39
214 WT12-B17-270 0.00022431941438393188 8 183
215 WT08-B09-311 0.00022389135796156736 187 232
216 WT13-B31-359 0.00022077879407329806 53 53
217 WT11-B06-47 0.00022057939068873203 7 3
218 WT10-B14-91 0.0002189979424090903 1 88
219 WT01-B01-261 0.00021722321403364332 2 76
220 WT24-B28-188 0.00021648677830243062 5 166
221 WT01-B01-252 0.00021617468756448234 9 76
222 WT02-B28-220 0.0002156619549642739 4 162
223 WT02-B28-219 0.0002156619549642739 6 162
224 WT02-B28-218 0.0002156619549642739 4 162
225 WT02-B28-217 0.0002156619549642739 9 162
226 WT23-B30-103 0.00021531885618936584 7 58
227 WT02-B28-267 0.00021507870601857274 4 163
228 WT02-B28-266 0.00021507870601857274 6 163
229 WT02-B28-265 0.00021507870601857274 4 163
230 WT02-B28-264 0.00021507870601857274 9 163
231 WT23-B30-98 0.00021391902061514598 8 155
232 WT25-B13-353 0.0002125129307686946 1 40
233 WT12-B30-421 0.0002125007737903102 12 109
234 WT26-B22-334 0.00021191966241152095 7 11
235 WT15-B34-80 0.00021166415748494105 4 133
236 WT08-B01-1 0.00021049681151147744 1 3
237 WT14-B25-212 0.00020974561101998852 44 45
238 WT15-B37-80 0.00020971386513810234 44 45
239 WT15-B34-82 0.00020918824333039226 4 132
240 WT24-B23-99 0.0002090808840499077 44 46
241 WT24-B28-187 0.00020889857743942994 4 166
242 WT24-B28-189 0.00020889857743942988 4 166
243 WT10-B35-224 0.00020841874605992912 23 102
244 WT15-B34-81 0.00020822149445576203 6 133
245 WT24-B04-120 0.00020632916949253247 7 86
246 WT18-B36-78 0.00020557920652106268 15 116
247 WT13-B06-280 0.00020520109555950304 2 273
248 WT24-B28-190 0.00020496095729651454 4 155
249 WT23-B30-105 0.00020470558957893953 64 379
250 WT04-B18-119 0.00020456528111380775 1 35
251 WT10-B14-735 0.0002041883683606805 0 2
252 WT08-B31-104 0.00020378710814873558 42 42
253 WT15-B34-53 0.00020362610071175596 14 134
254 WT12-B17-255 0.00020254593948885148 23 194
255 WT23-B18-107 0.00020250005003113713 2 136
256 WT10-B36-88 0.0002022762542429041 3 102
257 WT27-B21-1 0.0002011526539085189 44 45
258 WT25-B13-334 0.00020056560149756154 64 64
259 WT02-B03-137 0.00020056112424816832 17 138
260 WT23-B20-268 0.00020049684207152046 22 18
261 WT27-B25-360 0.00019995138485217123 59 33
262 WT08-B09-310 0.00019956679085024698 0 233
263 WT17-B12-3 0.0001992900911241146 41 42
264 WT25-B01-250 0.00019857115993121582 41 42
265 WT07-B02-9 0.00019627447957321577 18 254
266 WT27-B07-331 0.00019542805803017654 19 75
267 WT24-B02-91 0.00019487544140814176 58 57
268 WT22-B07-426 0.0001928592566617696 36 38
269 WT14-B13-292 0.00019107430467978735 37 114
270 WT12-B24-142 0.00019103388402273586 40 41
271 WT04-B29-34 0.00018918461313904858 15 98
272 WT24-B09-109 0.00018886403324342205 8 96
273 WT16-B27-59 0.0001876829683507238 7 109
274 WT24-B02-98 0.00018692388329590213 56 55
275 WT03-B24-155 0.0001862865417868454 8 79
276 WT12-B40-13 0.0001855724573188327 11 209
277 WT07-B40-281 0.00018524769317026244 7 45
278 WT25-B13-354 0.00018494589506698296 1 35
279 WT07-B23-109 0.00018420757578244902 4 38
280 WT10-B33-180 0.00018201583154084906 7 75
281 WT03-B23-47 0.00018197984122816254 18 65
282 WT22-B11-415 0.00018183013096081368 11 67
283 WT27-B19-54 0.00018124851535364285 5 138
284 WT23-B33-14 0.00018056832452027695 7 90
285 WT24-B26-3 0.000180497507778367 3 173
286 WT21-B37-71 0.00018022477494088497 23 560
287 WT23-B14-56 0.00017990792533329231 7 185
288 WT23-B14-55 0.00017990792533329231 43 185
289 WT23-B14-53 0.00017990792533329231 8 185
290 WT23-B14-51 0.00017990792533329231 7 185
291 WT23-B14-50 0.00017990792533329231 12 185
292 WT25-B17-39 0.000179149215145981 40 126
293 WT18-B26-434 0.0001788564610707233 62 64
294 WT27-B34-206 0.00017790714983107852 0 192
295 WT02-B28-273 0.00017695192242245754 4 126
296 WT02-B28-272 0.00017695192242245754 6 126
297 WT02-B28-271 0.00017695192242245754 5 126
298 WT02-B28-270 0.00017695192242245754 6 126
299 WT23-B14-54 0.00017684952744211497 11 183
300 WT23-B14-52 0.00017684952744211497 8 183
301 WT07-B14-22 0.00017665270611696228 37 37
302 WT02-B28-226 0.00017664669588171627 4 125
303 WT02-B28-225 0.00017664669588171627 6 125
304 WT02-B28-224 0.00017664669588171627 5 125
305 WT02-B28-216 0.00017664669588171627 6 125
306 WT10-B17-351 0.00017595186020451546 34 35
307 WT07-B17-239 0.00017586091517327138 12 37
308 WT13-B27-94 0.00017584508423331045 61 69
309 WT27-B38-275 0.00017545753969779336 5 123
310 WT27-B38-273 0.00017545753969779336 10 123
311 WT17-B34-509 0.00017444408970190587 13 356
312 WT17-B34-508 0.00017444408970190587 13 356
313 WT17-B34-507 0.00017444408970190587 16 356
314 WT17-B34-506 0.00017444408970190587 22 356
315 WT17-B34-505 0.00017444408970190587 38 356
316 WT17-B34-504 0.00017444408970190587 21 356
317 WT17-B34-503 0.00017444408970190587 35 356
318 WT17-B34-502 0.00017444408970190587 17 356
319 WT17-B34-501 0.00017444408970190587 14 356
320 WT17-B34-500 0.00017444408970190587 52 356
321 WT17-B34-499 0.00017444408970190587 55 356
322 WT17-B34-498 0.00017444408970190587 21 356
323 WT22-B14-452 0.00017436520971243516 110 106
324 WT24-B08-146 0.00017427614262279997 13 159
325 WT23-B14-244 0.00017374388755051173 16 49
326 WT02-B21-184 0.00017255557601008717 10 67
327 WT23-B29-120 0.00017250407914702143 20 68
328 WT12-B40-9 0.00017226135841931286 11 208
329 WT12-B40-12 0.00017226135841931286 11 208
330 WT13-B15-101 0.00017204986907841385 9 106
331 WT07-B02-32 0.0001720153084676045 162 165
332 WT23-B28-562 0.0001717583969719191 20 68
333 WT27-B20-291 0.00017157647489689617 9 36
334 WT02-B23-167 0.00017140726628931416 32 34
335 WT12-B40-14 0.00017103452897585807 10 208
336 WT12-B40-3 0.00016955859709594318 9 208
337 WT01-B12-77 0.00016948840438398067 59 70
338 WT27-B20-174 0.00016948445287348596 9 107
339 WT07-B40-168 0.0001686479337424854 4 75
340 WT07-B40-167 0.0001686479337424854 4 75
341 WT07-B40-166 0.0001686479337424854 4 75
342 WT13-B39-334 0.0001683643340443814 146 145
343 WT13-B39-315 0.0001683397644483732 146 145
344 WT12-B40-11 0.00016774912127146368 8 208
345 WT13-B17-278 0.0001675905469216775 10 219
346 WT18-B38-182 0.00016707470896491902 8 81
347 WT11-B04-34 0.0001661786028800574 33 36
348 WT13-B21-124 0.00016594910469940605 8 65
349 WT07-B19-144 0.00016564059766066094 37 38
350 WT14-B34-172 0.00016557197045072154 19 43
351 WT12-B39-315 0.00016553838787239443 8 97
352 WT10-B40-320 0.0001651957781414878 2 29
353 WT12-B06-139 0.0001650547934154675 1 19
354 WT02-B23-166 0.00016354873465549243 13 85
355 WT27-B21-3 0.00016252616336235733 34 35
356 WT25-B04-649 0.00016248194822746963 25 218
357 WT25-B04-650 0.0001620550056140359 7 217
358 WT25-B05-34 0.0001613515374909493 0 217
359 WT25-B05-12 0.0001613515374909493 6 217
360 WT27-B18-381 0.00016062762306272342 11 90
361 WT08-B33-284 0.00016023262134571848 14 166
362 WT08-B24-243 0.00016004221338467503 9 72
363 WT23-B28-180 0.000159965554854292 6 45
364 WT06-B38-10 0.00015985237205998434 11 50
365 WT13-B34-256 0.0001594332946309411 21 50
366 WT12-B40-10 0.00015887268897100856 14 168
367 WT18-B18-177 0.00015878299652109172 25 98
368 WT08-B07-159 0.00015868638255455523 11 92
369 WT24-B11-274 0.00015817581965018424 196 197
370 WT18-B39-137 0.0001575228733084351 43 60
371 WT24-B18-182 0.00015749112442623928 3 7
372 WT24-B08-147 0.00015629624517286402 11 146
373 WT23-B30-89 0.00015610873613066247 367 367
374 WT02-B16-103 0.00015585563769928166 1 19
375 WT24-B11-54 0.00015569462674431024 8 209
376 WT25-B13-371 0.00015520578261530267 1 18
377 WT23-B32-191 0.00015504661936841755 17 21
378 WT27-B04-169 0.00015499443788849054 54 141
379 WT24-B40-140 0.00015499285453999626 8 81
380 WT12-B40-241 0.00015489665377931198 0 342
381 WT14-B02-403 0.00015430237314921857 32 33
382 WT24-B17-197 0.00015422414265629878 0 133
383 WT05-B11-312 0.0001541880353516112 36 48
384 WT19-B37-2 0.00015367507092912944 100 110
385 WT19-B36-96 0.00015353731006828084 9 11
386 WT23-B31-215 0.0001533234403657861 3 209
387 WT14-B15-37 0.00015331853391049928 10 96
388 WT04-B27-721 0.0001533173852715809 27 176
389 WT02-B16-123 0.0001528658398927887 3 106
390 WT24-B11-231 0.00015284878543787156 7 198
391 WT09-B34-124 0.0001528285700510751 4 7
392 WT19-B37-1 0.00015266408613318687 56 110
393 WT12-B40-17 0.0001520478335981294 8 201
394 WT10-B36-90 0.00015194209568060175 2 98
395 WT20-B39-186 0.000151184516719999 33 49
396 WT09-B28-83 0.0001510044665055816 24 146
397 WT22-B09-181 0.0001506911849742458 9 275
398 WT01-B06-32 0.0001505084513676158 9 52
399 WT10-B35-237 0.00015013325440574663 14 97
400 WT07-B40-97 0.00014964807652117883 46 52
401 WT23-B29-123 0.00014947135416737954 12 47
402 WT23-B28-576 0.0001489485813622758 12 47
403 WT11-B15-220 0.00014835618426191642 41 71
404 WT08-B23-282 0.0001481138465463004 30 30
405 WT10-B38-105 0.0001477397150818721 15 117
406 WT27-B38-272 0.00014765914015967184 10 82
407 WT27-B38-271 0.00014765914015967184 5 82
408 WT11-B02-151 0.00014754715997382218 28 126
409 WT27-B38-274 0.00014735050694113426 5 81
410 WT23-B36-273 0.00014623750590022846 2 26
411 WT10-B38-110 0.00014618777303522984 5 116
412 WT10-B38-109 0.00014618777303522984 5 116
413 WT10-B38-108 0.00014618777303522984 11 116
414 WT21-B35-163 0.00014610076234250558 141 8
415 WT09-B34-229 0.00014609179084536692 3 91
416 WT09-B34-220 0.00014609179084536692 4 91
417 WT04-B22-262 0.00014563219905914198 62 65
418 WT18-B31-223 0.00014550210936194337 29 32
419 WT10-B16-675 0.00014542767842886336 1 124
420 WT09-B33-104 0.00014538135653942614 57 61
421 WT16-B27-185 0.00014529698662652999 0 99
422 WT18-B14-70 0.0001449910930245309 37 43
423 WT06-B31-160 0.00014471242026950314 39 126
424 WT16-B26-139 0.00014405237351294877 29 30
425 WT12-B24-140 0.00014372546474387504 26 27
426 WT24-B01-156 0.0001435194329456301 8 132
427 WT24-B01-155 0.0001435194329456301 14 132
428 WT24-B01-154 0.0001435194329456301 15 132
429 WT24-B08-157 0.00014345593325915292 10 147
430 WT09-B33-103 0.00014328161282035548 58 60
431 WT02-B03-142 0.0001429283838276385 1 5
432 WT11-B16-270 0.00014291217986637982 11 104
433 WT11-B16-269 0.00014291217986637982 13 104
434 WT11-B16-268 0.00014291217986637982 18 104
435 WT19-B37-223 0.0001427218659108649 10 109
436 WT27-B19-473 0.00014229352120653113 9 63
437 WT14-B15-270 0.0001421838188263902 39 37
438 WT09-B34-230 0.00014109661970504187 22 90
439 WT04-B38-162 0.0001406799299260223 38 78
440 WT12-B31-243 0.00014062029375616356 7 114
441 WT12-B31-240 0.00014062029375616356 7 114
442 WT12-B31-239 0.00014062029375616356 7 114
443 WT12-B31-228 0.00014062029375616356 7 114
444 WT24-B08-158 0.00014046911853635684 10 138
445 WT12-B31-225 0.0001403641281881033 7 113
446 WT12-B31-241 0.00014015065688138646 7 112
447 WT27-B19-320 0.00014004904836805942 64 143
448 WT12-B31-242 0.00013987748302390096 7 111
449 WT13-B18-188 0.000139581162250755 62 177
450 WT20-B40-44 0.00013950594735552243 1 17
451 WT10-B32-84 0.0001394724561532749 1 55
452 WT22-B38-424 0.00013866702109696094 1 76
453 WT10-B31-582 0.00013811075967641153 6 101
454 WT10-B31-581 0.00013811075967641153 5 101
455 WT10-B31-580 0.00013811075967641153 13 101
456 WT13-B37-273 0.00013803367940628118 12 65
457 WT27-B08-132 0.00013774334226530669 11 95
458 WT27-B27-28 0.00013714301682142053 1 45
459 WT07-B22-391 0.00013677147806526592 20 29
460 WT22-B09-35 0.00013639035348565973 4 25
461 WT22-B10-164 0.00013500146950749892 7 273
462 WT25-B13-303 0.0001348309951048776 1 28
463 WT16-B25-152 0.0001346005050168768 8 55
464 WT03-B21-27 0.00013434197831432574 12 31
465 WT03-B17-89 0.00013428208771188764 19 55
466 WT21-B36-136 0.0001341456684480745 12 176
467 WT08-B01-172 0.00013384727131940104 4 74
468 WT25-B13-355 0.0001337129196007959 1 29
469 WT25-B13-352 0.00013371291960079587 1 29
470 WT07-B02-14 0.0001334935849897267 88 96
471 WT04-B18-199 0.00013334436450039634 1 5
472 WT25-B11-86 0.00013310234677254984 16 110
473 WT25-B11-85 0.00013310234677254984 10 110
474 WT25-B11-84 0.00013310234677254984 11 110
475 WT25-B11-83 0.00013310234677254984 5 110
476 WT25-B11-82 0.00013310234677254984 5 110
477 WT21-B36-143 0.0001328648406077733 8 175
478 WT21-B36-142 0.0001328648406077733 14 175
479 WT21-B36-141 0.0001328648406077733 11 175
480 WT21-B36-140 0.0001328648406077733 15 175
481 WT21-B36-139 0.0001328648406077733 15 175
482 WT21-B36-138 0.0001328648406077733 12 175
483 WT21-B36-137 0.0001328648406077733 13 175
484 WT08-B26-265 0.00013251869301775175 1 32
485 WT04-B14-128 0.0001324192444605893 11 35
486 WT18-B14-67 0.0001323992573907555 52 49
487 WT14-B03-224 0.0001322116840403313 29 30
488 WT08-B01-106 0.00013207367047688738 11 61
489 WT22-B13-79 0.00013170875048402976 34 272
490 WT27-B08-97 0.00013167476246740665 8 93
491 WT13-B14-28 0.0001310126713837279 20 38
492 WT24-B02-94 0.0001309630543600792 44 43
493 WT13-B39-29 0.00013082834602899752 5 45
494 WT07-B40-170 0.000130690949318843 3 71
495 WT14-B02-245 0.0001305576196762755 23 38
496 WT09-B37-199 0.00013054702056224191 25 41
497 WT10-B38-127 0.0001304911459810256 9 114
498 WT25-B30-216 0.00013027266421548482 31 30
499 WT02-B08-193 0.0001301598077032873 23 50
500 WT25-B05-10 0.00012990529103359917 5 77
